0.6785
0.7249
0.7296
0.7595
0.7346
0.7712
0.7805
0.7801
0.7752
0.7851
0.7809
0.7957
0.7921
0.789
0.786
0.7837
0.8132
0.7933
0.8097
0.8138
0.8163
0.8247
0.7972
0.8251
0.8305
0.8266
0.8311
0.8128
0.8341
0.7177
0.8283
0.8256
0.8366
0.8344
0.8379
0.8319
0.8416
0.8171
0.835
0.8405
0.8017
0.8397
0.847
0.8481
0.8452
0.838
0.8547
0.8342
0.8573
0.8358
0.8084
0.8564
0.8531
0.7978
0.8532
0.8491
0.8555
0.8537
0.8523
0.8511
0.8529
0.8556
0.8483
0.8575
0.8514
0.8549
0.8513
0.8083
0.8606
0.8591
0.8588
0.8577
0.8558
0.8587
0.8578
0.8581
0.8282
0.8297
0.8571
0.8556
0.8626
0.8552
0.8542
0.8599
0.8632
