673.3098955750465
598.1118039041758
575.4301054477692
557.528269097209
547.468536183238
539.5377030968666
533.414364695549
530.5462917238474
522.7683625668287
519.0455029755831
516.5909373164177
513.6812096685171
514.7115802913904
511.4042781442404
511.79284286499023
509.001356318593
509.3213500827551
507.72263189405203
504.78527526557446
502.4528396129608
504.2185586541891
500.8371820151806
504.8090832680464
496.39637380838394
498.63360983133316
498.20354691147804
499.7956949323416
501.12928995490074
502.612351462245
500.6589759886265
498.1502434462309
498.9211063235998
497.6239298135042
494.72210143506527
495.23055002093315
495.1188221797347
497.24575343728065
498.8131431490183
497.07327488064766
496.63697293400764
494.9630317091942
498.146544739604
495.89589473605156
494.46494993567467
496.25482401251793
496.02935449779034
489.5031343251467
493.81899796426296
494.34849536418915
492.2058593034744
492.6194470077753
493.13802410662174
496.64467157423496
492.3178013712168
490.7332151532173
493.3146571815014
494.8293290436268
492.52387818694115
493.0712721645832
491.39420822262764
491.1528119593859
490.60100305080414
492.3788120150566
493.674651324749
492.16004157066345
488.86884677410126
492.93333426117897
491.82006895542145
488.620485663414
489.93491622805595
489.96963922679424
492.32383058965206
492.5611420869827
491.4016708880663
487.9765931516886
490.5831756591797
491.33943147957325
490.3778080046177
491.3062446564436
484.6705921590328
488.172344148159
491.88034299016
489.007266998291
