840.2042257785797
795.0362110733986
775.4154241681099
764.838153719902
757.7433116137981
752.117330878973
748.6411173641682
743.4438923597336
741.9853703975677
739.5472053587437
736.7578484117985
735.2249862849712
734.8507130742073
733.0509939789772
731.8638199269772
730.3393948078156
730.6216915845871
729.323328346014
729.2289436161518
727.7871729433537
726.8448978066444
726.1850145459175
726.0413635671139
724.6409355401993
724.2013813257217
724.5517988801003
723.9417185783386
722.8496381640434
722.7263382673264
722.0830463171005
721.1779228150845
721.9777224361897
720.2168391346931
719.7853012084961
719.8921057879925
719.8652684092522
720.1270487904549
719.3184010088444
718.9220025241375
718.291816920042
717.5860371291637
716.1095369458199
717.9298225939274
716.8806065022945
717.5968706905842
717.1702793836594
716.3379054963589
715.0921918749809
715.6997433900833
715.9356462061405
715.7966598570347
714.8246231079102
715.1236065924168
714.6353562474251
714.4375523328781
715.1198586523533
714.786161929369
713.7830947935581
713.8947146832943
713.6039400398731
714.4197815358639
713.6029195487499
713.187821149826
714.0158933699131
713.4413830935955
713.3407849669456
713.1501836776733
711.6309947669506
712.8016925752163
712.2117721140385
711.7867883741856
712.2851099967957
712.1337787806988
711.5298864543438
711.6226533353329
711.558086425066
711.1839864552021
711.1090928316116
711.5509008467197
711.9168402254581
