0.6772
0.5884
0.7195
0.7274
0.7284
0.7358
0.7374
0.7373
0.742
0.7469
0.7541
0.7432
0.7514
0.7582
0.7611
0.7604
0.7627
0.7621
0.7448
0.7633
0.7578
0.7629
0.7668
0.7672
0.766
0.767
0.7664
0.7661
0.7711
0.7701
0.771
0.7597
0.7677
0.7671
0.7708
0.7714
0.7706
0.7664
0.7697
0.7715
0.7721
0.7718
0.7742
0.7696
0.7703
0.7696
0.7681
0.7714
0.7701
0.7709
0.7707
0.7703
0.7689
0.7721
0.776
0.769
0.7719
0.7729
0.7709
0.7598
0.7728
0.7753
0.7692
0.7685
0.7733
0.768
0.7768
0.7701
0.7724
0.7757
0.7695
0.768
0.7782
0.7789
0.7712
0.7712
0.7736
0.7737
0.7768
0.7793
