0.7828
0.7914
0.8072
0.8097
0.826
0.8334
0.8289
0.8279
0.8291
0.8312
0.8273
0.837
0.8306
0.8344
0.8336
0.8268
0.8332
0.8391
0.8388
0.8348
0.8058
0.8355
0.8375
0.8387
0.831
0.8293
0.8401
0.8342
0.8388
0.8409
0.839
0.8368
0.8394
0.83
0.8407
0.8291
0.8409
0.8369
0.8423
0.8402
0.8276
0.8377
0.8307
0.8241
0.8422
0.8423
0.8306
0.8368
0.8396
0.8421
0.8435
0.8394
0.8454
0.8383
0.8348
0.8345
0.8464
0.8438
0.8416
0.8301
0.8436
0.8417
0.84
0.8423
0.8436
0.847
0.8409
0.8431
0.8465
0.8448
0.8455
0.8419
0.8447
0.8417
0.8433
0.8398
0.8463
0.8432
0.8437
0.844
0.8467
0.8417
0.8479
